0.000000000000000000e+00 0.000000000000000000e+00 5.999999999999999778e-01
0.000000000000000000e+00 0.000000000000000000e+00 9.657675371213937376e-01
0.000000000000000000e+00 0.000000000000000000e+00 9.862605534455146650e-01
0.000000000000000000e+00 0.000000000000000000e+00 9.937993375435989485e-01
0.000000000000000000e+00 0.000000000000000000e+00 9.970819768190468668e-01
0.000000000000000000e+00 0.000000000000000000e+00 9.986019091432687400e-01
0.000000000000000000e+00 0.000000000000000000e+00 9.993245918544596540e-01
0.000000000000000000e+00 0.000000000000000000e+00 9.996724357494252144e-01
0.000000000000000000e+00 0.000000000000000000e+00 9.998408375221939925e-01
0.000000000000000000e+00 0.000000000000000000e+00 9.999225906035860145e-01
0.000000000000000000e+00 0.000000000000000000e+00 9.999623374021943123e-01
0.000000000000000000e+00 0.000000000000000000e+00 9.999816717021954293e-01
0.000000000000000000e+00 0.000000000000000000e+00 9.999910795101757399e-01
0.000000000000000000e+00 0.000000000000000000e+00 9.999956583622722217e-01
0.000000000000000000e+00 0.000000000000000000e+00 9.999978868730236004e-01
0.000000000000000000e+00 0.000000000000000000e+00 9.999989714981164513e-01
0.000000000000000000e+00 0.000000000000000000e+00 9.999994999298027487e-01
0.000000000000000000e+00 0.000000000000000000e+00 9.999997561681175373e-01
0.000000000000000000e+00 0.000000000000000000e+00 9.999998809753013473e-01
0.000000000000000000e+00 0.000000000000000000e+00 9.999999417373846011e-01
0.000000000000000000e+00 0.000000000000000000e+00 9.999999721986014833e-01
0.000000000000000000e+00 0.000000000000000000e+00 9.999999867739565174e-01
0.000000000000000000e+00 0.000000000000000000e+00 9.999999935044833199e-01
0.000000000000000000e+00 0.000000000000000000e+00 9.999999966866502943e-01
0.000000000000000000e+00 0.000000000000000000e+00 9.999999983394971537e-01
0.000000000000000000e+00 0.000000000000000000e+00 9.999999991778197872e-01
0.000000000000000000e+00 0.000000000000000000e+00 9.999999998840150006e-01
0.000000000000000000e+00 0.000000000000000000e+00 1.000000000364478447e+00
0.000000000000000000e+00 0.000000000000000000e+00 1.000000000555776758e+00
0.000000000000000000e+00 0.000000000000000000e+00 1.000000000457910376e+00
0.000000000000000000e+00 0.000000000000000000e+00 1.000000000484556395e+00
0.000000000000000000e+00 0.000000000000000000e+00 1.000000000503923125e+00
0.000000000000000000e+00 0.000000000000000000e+00 1.000000000443650228e+00
0.000000000000000000e+00 0.000000000000000000e+00 1.000000000303737480e+00
0.000000000000000000e+00 0.000000000000000000e+00 1.000000000251571652e+00
0.000000000000000000e+00 0.000000000000000000e+00 1.000000000196544114e+00
0.000000000000000000e+00 0.000000000000000000e+00 1.000000000141516576e+00
0.000000000000000000e+00 0.000000000000000000e+00 1.000000000086489038e+00
0.000000000000000000e+00 0.000000000000000000e+00 1.000000000074918738e+00
0.000000000000000000e+00 0.000000000000000000e+00 1.000000000073072659e+00
0.000000000000000000e+00 0.000000000000000000e+00 1.000000000071226580e+00
0.000000000000000000e+00 0.000000000000000000e+00 1.000000000069380501e+00
0.000000000000000000e+00 0.000000000000000000e+00 1.000000000067534422e+00
0.000000000000000000e+00 0.000000000000000000e+00 1.000000000065688344e+00
0.000000000000000000e+00 0.000000000000000000e+00 1.000000000063842265e+00
0.000000000000000000e+00 0.000000000000000000e+00 1.000000000061996186e+00
0.000000000000000000e+00 0.000000000000000000e+00 1.000000000060150107e+00
0.000000000000000000e+00 0.000000000000000000e+00 1.000000000058304028e+00
0.000000000000000000e+00 0.000000000000000000e+00 1.000000000056457727e+00
0.000000000000000000e+00 0.000000000000000000e+00 1.000000000054611649e+00
0.000000000000000000e+00 0.000000000000000000e+00 1.000000000052765570e+00
0.000000000000000000e+00 0.000000000000000000e+00 1.000000000050919491e+00
0.000000000000000000e+00 0.000000000000000000e+00 1.000000000049073412e+00
0.000000000000000000e+00 0.000000000000000000e+00 1.000000000047227333e+00
0.000000000000000000e+00 0.000000000000000000e+00 1.000000000045381254e+00
0.000000000000000000e+00 0.000000000000000000e+00 1.000000000043535175e+00
0.000000000000000000e+00 0.000000000000000000e+00 1.000000000041689097e+00
0.000000000000000000e+00 0.000000000000000000e+00 1.000000000039842796e+00
0.000000000000000000e+00 0.000000000000000000e+00 1.000000000037996717e+00
0.000000000000000000e+00 0.000000000000000000e+00 1.000000000036150638e+00
0.000000000000000000e+00 0.000000000000000000e+00 1.000000000034304559e+00
0.000000000000000000e+00 0.000000000000000000e+00 1.000000000032458480e+00
0.000000000000000000e+00 0.000000000000000000e+00 1.000000000030612402e+00
0.000000000000000000e+00 0.000000000000000000e+00 1.000000000028766323e+00
0.000000000000000000e+00 0.000000000000000000e+00 1.000000000026920244e+00
0.000000000000000000e+00 0.000000000000000000e+00 1.000000000025074165e+00
0.000000000000000000e+00 0.000000000000000000e+00 1.000000000023228086e+00
0.000000000000000000e+00 0.000000000000000000e+00 1.000000000021381785e+00
0.000000000000000000e+00 0.000000000000000000e+00 1.000000000019535706e+00
0.000000000000000000e+00 0.000000000000000000e+00 1.000000000017689628e+00
0.000000000000000000e+00 0.000000000000000000e+00 1.000000000015843549e+00
0.000000000000000000e+00 0.000000000000000000e+00 1.000000000013997470e+00
0.000000000000000000e+00 0.000000000000000000e+00 1.000000000012151391e+00
0.000000000000000000e+00 0.000000000000000000e+00 1.000000000010305312e+00
0.000000000000000000e+00 0.000000000000000000e+00 1.000000000008459233e+00
0.000000000000000000e+00 0.000000000000000000e+00 1.000000000006613154e+00
0.000000000000000000e+00 0.000000000000000000e+00 1.000000000004766854e+00
0.000000000000000000e+00 0.000000000000000000e+00 1.000000000002920775e+00
0.000000000000000000e+00 0.000000000000000000e+00 1.000000000002514211e+00
0.000000000000000000e+00 0.000000000000000000e+00 1.000000000002452261e+00
0.000000000000000000e+00 0.000000000000000000e+00 1.000000000002390310e+00
0.000000000000000000e+00 0.000000000000000000e+00 1.000000000002328360e+00
0.000000000000000000e+00 0.000000000000000000e+00 1.000000000002266409e+00
0.000000000000000000e+00 0.000000000000000000e+00 1.000000000002204459e+00
0.000000000000000000e+00 0.000000000000000000e+00 1.000000000002142730e+00
0.000000000000000000e+00 0.000000000000000000e+00 1.000000000002080780e+00
0.000000000000000000e+00 0.000000000000000000e+00 1.000000000002018830e+00
0.000000000000000000e+00 0.000000000000000000e+00 1.000000000001956879e+00
0.000000000000000000e+00 0.000000000000000000e+00 1.000000000001894929e+00
0.000000000000000000e+00 0.000000000000000000e+00 1.000000000001832978e+00
0.000000000000000000e+00 0.000000000000000000e+00 1.000000000001771028e+00
0.000000000000000000e+00 0.000000000000000000e+00 1.000000000001709077e+00
0.000000000000000000e+00 0.000000000000000000e+00 1.000000000001647127e+00
0.000000000000000000e+00 0.000000000000000000e+00 1.000000000001585176e+00
0.000000000000000000e+00 0.000000000000000000e+00 1.000000000001523226e+00
0.000000000000000000e+00 0.000000000000000000e+00 1.000000000001461276e+00
0.000000000000000000e+00 0.000000000000000000e+00 1.000000000001399325e+00
0.000000000000000000e+00 0.000000000000000000e+00 1.000000000001337375e+00
0.000000000000000000e+00 0.000000000000000000e+00 1.000000000001275424e+00
0.000000000000000000e+00 0.000000000000000000e+00 1.000000000001213474e+00
0.000000000000000000e+00 0.000000000000000000e+00 1.000000000001151523e+00
0.000000000000000000e+00 0.000000000000000000e+00 1.000000000001089573e+00
0.000000000000000000e+00 0.000000000000000000e+00 1.000000000001027622e+00
0.000000000000000000e+00 0.000000000000000000e+00 1.000000000000965672e+00
0.000000000000000000e+00 0.000000000000000000e+00 1.000000000000903722e+00
0.000000000000000000e+00 0.000000000000000000e+00 1.000000000000841771e+00
0.000000000000000000e+00 0.000000000000000000e+00 1.000000000000779821e+00
0.000000000000000000e+00 0.000000000000000000e+00 1.000000000000717870e+00
0.000000000000000000e+00 0.000000000000000000e+00 1.000000000000655920e+00
0.000000000000000000e+00 0.000000000000000000e+00 1.000000000000593969e+00
0.000000000000000000e+00 0.000000000000000000e+00 1.000000000000532019e+00
0.000000000000000000e+00 0.000000000000000000e+00 1.000000000000470068e+00
0.000000000000000000e+00 0.000000000000000000e+00 1.000000000000408340e+00
0.000000000000000000e+00 0.000000000000000000e+00 1.000000000000346390e+00
0.000000000000000000e+00 0.000000000000000000e+00 1.000000000000284439e+00
0.000000000000000000e+00 0.000000000000000000e+00 1.000000000000222489e+00
0.000000000000000000e+00 0.000000000000000000e+00 1.000000000000160538e+00
0.000000000000000000e+00 0.000000000000000000e+00 1.000000000000098588e+00
0.000000000000000000e+00 0.000000000000000000e+00 1.000000000000085709e+00
0.000000000000000000e+00 0.000000000000000000e+00 1.000000000000085487e+00
0.000000000000000000e+00 0.000000000000000000e+00 1.000000000000085265e+00
0.000000000000000000e+00 0.000000000000000000e+00 1.000000000000085043e+00
0.000000000000000000e+00 0.000000000000000000e+00 1.000000000000084821e+00
0.000000000000000000e+00 0.000000000000000000e+00 1.000000000000084599e+00
0.000000000000000000e+00 0.000000000000000000e+00 1.000000000000084377e+00
0.000000000000000000e+00 0.000000000000000000e+00 1.000000000000084155e+00
0.000000000000000000e+00 0.000000000000000000e+00 1.000000000000083933e+00
0.000000000000000000e+00 0.000000000000000000e+00 1.000000000000083711e+00
0.000000000000000000e+00 0.000000000000000000e+00 1.000000000000083489e+00
0.000000000000000000e+00 0.000000000000000000e+00 1.000000000000083267e+00
0.000000000000000000e+00 0.000000000000000000e+00 1.000000000000083045e+00
0.000000000000000000e+00 0.000000000000000000e+00 1.000000000000082823e+00
0.000000000000000000e+00 0.000000000000000000e+00 1.000000000000082601e+00
0.000000000000000000e+00 0.000000000000000000e+00 1.000000000000082379e+00
0.000000000000000000e+00 0.000000000000000000e+00 1.000000000000082157e+00
0.000000000000000000e+00 0.000000000000000000e+00 1.000000000000081934e+00
0.000000000000000000e+00 0.000000000000000000e+00 1.000000000000081712e+00
0.000000000000000000e+00 0.000000000000000000e+00 1.000000000000081490e+00
0.000000000000000000e+00 0.000000000000000000e+00 1.000000000000081268e+00
0.000000000000000000e+00 0.000000000000000000e+00 1.000000000000081046e+00
0.000000000000000000e+00 0.000000000000000000e+00 1.000000000000080824e+00
0.000000000000000000e+00 0.000000000000000000e+00 1.000000000000080824e+00
0.000000000000000000e+00 0.000000000000000000e+00 1.000000000000080602e+00
0.000000000000000000e+00 0.000000000000000000e+00 1.000000000000080380e+00
0.000000000000000000e+00 0.000000000000000000e+00 1.000000000000080158e+00
0.000000000000000000e+00 0.000000000000000000e+00 1.000000000000079936e+00
0.000000000000000000e+00 0.000000000000000000e+00 1.000000000000079714e+00
0.000000000000000000e+00 0.000000000000000000e+00 1.000000000000079492e+00
0.000000000000000000e+00 0.000000000000000000e+00 1.000000000000079270e+00
0.000000000000000000e+00 0.000000000000000000e+00 1.000000000000079048e+00
0.000000000000000000e+00 0.000000000000000000e+00 1.000000000000078826e+00
0.000000000000000000e+00 0.000000000000000000e+00 1.000000000000078604e+00
0.000000000000000000e+00 0.000000000000000000e+00 1.000000000000078382e+00
0.000000000000000000e+00 0.000000000000000000e+00 1.000000000000078160e+00
0.000000000000000000e+00 0.000000000000000000e+00 1.000000000000077938e+00
0.000000000000000000e+00 0.000000000000000000e+00 1.000000000000077716e+00
0.000000000000000000e+00 0.000000000000000000e+00 1.000000000000077494e+00
0.000000000000000000e+00 0.000000000000000000e+00 1.000000000000077272e+00
0.000000000000000000e+00 0.000000000000000000e+00 1.000000000000077049e+00
0.000000000000000000e+00 0.000000000000000000e+00 1.000000000000076827e+00
0.000000000000000000e+00 0.000000000000000000e+00 1.000000000000076605e+00
0.000000000000000000e+00 0.000000000000000000e+00 1.000000000000076383e+00
0.000000000000000000e+00 0.000000000000000000e+00 1.000000000000076161e+00
0.000000000000000000e+00 0.000000000000000000e+00 1.000000000000075939e+00
0.000000000000000000e+00 0.000000000000000000e+00 1.000000000000075717e+00
0.000000000000000000e+00 0.000000000000000000e+00 1.000000000000075495e+00
0.000000000000000000e+00 0.000000000000000000e+00 1.000000000000075273e+00
0.000000000000000000e+00 0.000000000000000000e+00 1.000000000000075051e+00
0.000000000000000000e+00 0.000000000000000000e+00 1.000000000000074829e+00
0.000000000000000000e+00 0.000000000000000000e+00 1.000000000000074829e+00
0.000000000000000000e+00 0.000000000000000000e+00 1.000000000000074607e+00
0.000000000000000000e+00 0.000000000000000000e+00 1.000000000000074385e+00
0.000000000000000000e+00 0.000000000000000000e+00 1.000000000000074163e+00
0.000000000000000000e+00 0.000000000000000000e+00 1.000000000000073941e+00
0.000000000000000000e+00 0.000000000000000000e+00 1.000000000000073719e+00
0.000000000000000000e+00 0.000000000000000000e+00 1.000000000000073497e+00
0.000000000000000000e+00 0.000000000000000000e+00 1.000000000000073275e+00
0.000000000000000000e+00 0.000000000000000000e+00 1.000000000000073053e+00
0.000000000000000000e+00 0.000000000000000000e+00 1.000000000000072831e+00
0.000000000000000000e+00 0.000000000000000000e+00 1.000000000000072609e+00
0.000000000000000000e+00 0.000000000000000000e+00 1.000000000000072387e+00
0.000000000000000000e+00 0.000000000000000000e+00 1.000000000000072164e+00
0.000000000000000000e+00 0.000000000000000000e+00 1.000000000000071942e+00
0.000000000000000000e+00 0.000000000000000000e+00 1.000000000000071720e+00
0.000000000000000000e+00 0.000000000000000000e+00 1.000000000000071498e+00
0.000000000000000000e+00 0.000000000000000000e+00 1.000000000000071276e+00
0.000000000000000000e+00 0.000000000000000000e+00 1.000000000000071054e+00
0.000000000000000000e+00 0.000000000000000000e+00 1.000000000000070832e+00
0.000000000000000000e+00 0.000000000000000000e+00 1.000000000000070610e+00
0.000000000000000000e+00 0.000000000000000000e+00 1.000000000000070388e+00
0.000000000000000000e+00 0.000000000000000000e+00 1.000000000000070166e+00
0.000000000000000000e+00 0.000000000000000000e+00 1.000000000000069944e+00
0.000000000000000000e+00 0.000000000000000000e+00 1.000000000000069722e+00
0.000000000000000000e+00 0.000000000000000000e+00 1.000000000000069500e+00
0.000000000000000000e+00 0.000000000000000000e+00 1.000000000000069278e+00
0.000000000000000000e+00 0.000000000000000000e+00 1.000000000000069056e+00
0.000000000000000000e+00 0.000000000000000000e+00 1.000000000000069056e+00
0.000000000000000000e+00 0.000000000000000000e+00 1.000000000000068834e+00
0.000000000000000000e+00 0.000000000000000000e+00 1.000000000000068612e+00
0.000000000000000000e+00 0.000000000000000000e+00 1.000000000000068390e+00
0.000000000000000000e+00 0.000000000000000000e+00 1.000000000000068168e+00
0.000000000000000000e+00 0.000000000000000000e+00 1.000000000000067946e+00
0.000000000000000000e+00 0.000000000000000000e+00 1.000000000000067724e+00
0.000000000000000000e+00 0.000000000000000000e+00 1.000000000000067502e+00
0.000000000000000000e+00 0.000000000000000000e+00 1.000000000000067280e+00
0.000000000000000000e+00 0.000000000000000000e+00 1.000000000000067057e+00
0.000000000000000000e+00 0.000000000000000000e+00 1.000000000000066835e+00
0.000000000000000000e+00 0.000000000000000000e+00 1.000000000000066613e+00
0.000000000000000000e+00 0.000000000000000000e+00 1.000000000000066391e+00
0.000000000000000000e+00 0.000000000000000000e+00 1.000000000000066169e+00
0.000000000000000000e+00 0.000000000000000000e+00 1.000000000000065947e+00
0.000000000000000000e+00 0.000000000000000000e+00 1.000000000000065725e+00
0.000000000000000000e+00 0.000000000000000000e+00 1.000000000000065503e+00
0.000000000000000000e+00 0.000000000000000000e+00 1.000000000000065281e+00
0.000000000000000000e+00 0.000000000000000000e+00 1.000000000000065059e+00
0.000000000000000000e+00 0.000000000000000000e+00 1.000000000000064837e+00
0.000000000000000000e+00 0.000000000000000000e+00 1.000000000000064615e+00
0.000000000000000000e+00 0.000000000000000000e+00 1.000000000000064393e+00
0.000000000000000000e+00 0.000000000000000000e+00 1.000000000000064171e+00
0.000000000000000000e+00 0.000000000000000000e+00 1.000000000000063949e+00
0.000000000000000000e+00 0.000000000000000000e+00 1.000000000000063727e+00
0.000000000000000000e+00 0.000000000000000000e+00 1.000000000000063505e+00
0.000000000000000000e+00 0.000000000000000000e+00 1.000000000000063283e+00
0.000000000000000000e+00 0.000000000000000000e+00 1.000000000000063283e+00
0.000000000000000000e+00 0.000000000000000000e+00 1.000000000000063061e+00
0.000000000000000000e+00 0.000000000000000000e+00 1.000000000000062839e+00
0.000000000000000000e+00 0.000000000000000000e+00 1.000000000000062617e+00
0.000000000000000000e+00 0.000000000000000000e+00 1.000000000000062395e+00
0.000000000000000000e+00 0.000000000000000000e+00 1.000000000000062172e+00
0.000000000000000000e+00 0.000000000000000000e+00 1.000000000000061950e+00
0.000000000000000000e+00 0.000000000000000000e+00 1.000000000000061728e+00
0.000000000000000000e+00 0.000000000000000000e+00 1.000000000000061506e+00
0.000000000000000000e+00 0.000000000000000000e+00 1.000000000000061284e+00
0.000000000000000000e+00 0.000000000000000000e+00 1.000000000000061062e+00
0.000000000000000000e+00 0.000000000000000000e+00 1.000000000000060840e+00
0.000000000000000000e+00 0.000000000000000000e+00 1.000000000000060618e+00
0.000000000000000000e+00 0.000000000000000000e+00 1.000000000000060396e+00
0.000000000000000000e+00 0.000000000000000000e+00 1.000000000000060174e+00
0.000000000000000000e+00 0.000000000000000000e+00 1.000000000000059952e+00
0.000000000000000000e+00 0.000000000000000000e+00 1.000000000000059730e+00
0.000000000000000000e+00 0.000000000000000000e+00 1.000000000000059508e+00
0.000000000000000000e+00 0.000000000000000000e+00 1.000000000000059286e+00
0.000000000000000000e+00 0.000000000000000000e+00 1.000000000000059064e+00
0.000000000000000000e+00 0.000000000000000000e+00 1.000000000000058842e+00
0.000000000000000000e+00 0.000000000000000000e+00 1.000000000000058620e+00
0.000000000000000000e+00 0.000000000000000000e+00 1.000000000000058398e+00
0.000000000000000000e+00 0.000000000000000000e+00 1.000000000000058176e+00
0.000000000000000000e+00 0.000000000000000000e+00 1.000000000000057954e+00
0.000000000000000000e+00 0.000000000000000000e+00 1.000000000000057732e+00
0.000000000000000000e+00 0.000000000000000000e+00 1.000000000000057510e+00
0.000000000000000000e+00 0.000000000000000000e+00 1.000000000000057288e+00
0.000000000000000000e+00 0.000000000000000000e+00 1.000000000000057288e+00
0.000000000000000000e+00 0.000000000000000000e+00 1.000000000000057065e+00
0.000000000000000000e+00 0.000000000000000000e+00 1.000000000000056843e+00
0.000000000000000000e+00 0.000000000000000000e+00 1.000000000000056621e+00
0.000000000000000000e+00 0.000000000000000000e+00 1.000000000000056399e+00
0.000000000000000000e+00 0.000000000000000000e+00 1.000000000000056177e+00
0.000000000000000000e+00 0.000000000000000000e+00 1.000000000000055955e+00
0.000000000000000000e+00 0.000000000000000000e+00 1.000000000000055733e+00
0.000000000000000000e+00 0.000000000000000000e+00 1.000000000000055511e+00
0.000000000000000000e+00 0.000000000000000000e+00 1.000000000000055289e+00
0.000000000000000000e+00 0.000000000000000000e+00 1.000000000000055067e+00
0.000000000000000000e+00 0.000000000000000000e+00 1.000000000000054845e+00
0.000000000000000000e+00 0.000000000000000000e+00 1.000000000000054623e+00
0.000000000000000000e+00 0.000000000000000000e+00 1.000000000000054401e+00
0.000000000000000000e+00 0.000000000000000000e+00 1.000000000000054179e+00
0.000000000000000000e+00 0.000000000000000000e+00 1.000000000000053957e+00
0.000000000000000000e+00 0.000000000000000000e+00 1.000000000000053735e+00
0.000000000000000000e+00 0.000000000000000000e+00 1.000000000000053513e+00
0.000000000000000000e+00 0.000000000000000000e+00 1.000000000000053291e+00
0.000000000000000000e+00 0.000000000000000000e+00 1.000000000000053069e+00
0.000000000000000000e+00 0.000000000000000000e+00 1.000000000000052847e+00
0.000000000000000000e+00 0.000000000000000000e+00 1.000000000000052625e+00
0.000000000000000000e+00 0.000000000000000000e+00 1.000000000000052403e+00
0.000000000000000000e+00 0.000000000000000000e+00 1.000000000000052180e+00
0.000000000000000000e+00 0.000000000000000000e+00 1.000000000000051958e+00
0.000000000000000000e+00 0.000000000000000000e+00 1.000000000000051736e+00
0.000000000000000000e+00 0.000000000000000000e+00 1.000000000000051514e+00
0.000000000000000000e+00 0.000000000000000000e+00 1.000000000000051514e+00
0.000000000000000000e+00 0.000000000000000000e+00 1.000000000000051292e+00
0.000000000000000000e+00 0.000000000000000000e+00 1.000000000000051070e+00
0.000000000000000000e+00 0.000000000000000000e+00 1.000000000000050848e+00
0.000000000000000000e+00 0.000000000000000000e+00 1.000000000000050626e+00
0.000000000000000000e+00 0.000000000000000000e+00 1.000000000000050404e+00
0.000000000000000000e+00 0.000000000000000000e+00 1.000000000000050182e+00
0.000000000000000000e+00 0.000000000000000000e+00 1.000000000000049960e+00
0.000000000000000000e+00 0.000000000000000000e+00 1.000000000000049738e+00
0.000000000000000000e+00 0.000000000000000000e+00 1.000000000000049516e+00
0.000000000000000000e+00 0.000000000000000000e+00 1.000000000000049294e+00
0.000000000000000000e+00 0.000000000000000000e+00 1.000000000000049072e+00
0.000000000000000000e+00 0.000000000000000000e+00 1.000000000000048850e+00
0.000000000000000000e+00 0.000000000000000000e+00 1.000000000000048628e+00
0.000000000000000000e+00 0.000000000000000000e+00 1.000000000000048406e+00
0.000000000000000000e+00 0.000000000000000000e+00 1.000000000000048184e+00
0.000000000000000000e+00 0.000000000000000000e+00 1.000000000000047962e+00
0.000000000000000000e+00 0.000000000000000000e+00 1.000000000000047740e+00
0.000000000000000000e+00 0.000000000000000000e+00 1.000000000000047518e+00
0.000000000000000000e+00 0.000000000000000000e+00 1.000000000000047296e+00
0.000000000000000000e+00 0.000000000000000000e+00 1.000000000000047073e+00
0.000000000000000000e+00 0.000000000000000000e+00 1.000000000000046851e+00
0.000000000000000000e+00 0.000000000000000000e+00 1.000000000000046629e+00
0.000000000000000000e+00 0.000000000000000000e+00 1.000000000000046407e+00
0.000000000000000000e+00 0.000000000000000000e+00 1.000000000000046185e+00
0.000000000000000000e+00 0.000000000000000000e+00 1.000000000000045963e+00
0.000000000000000000e+00 0.000000000000000000e+00 1.000000000000045741e+00
0.000000000000000000e+00 0.000000000000000000e+00 1.000000000000045741e+00
0.000000000000000000e+00 0.000000000000000000e+00 1.000000000000045519e+00
0.000000000000000000e+00 0.000000000000000000e+00 1.000000000000045297e+00
0.000000000000000000e+00 0.000000000000000000e+00 1.000000000000045075e+00
0.000000000000000000e+00 0.000000000000000000e+00 1.000000000000044853e+00
0.000000000000000000e+00 0.000000000000000000e+00 1.000000000000044631e+00
0.000000000000000000e+00 0.000000000000000000e+00 1.000000000000044409e+00
0.000000000000000000e+00 0.000000000000000000e+00 1.000000000000044187e+00
0.000000000000000000e+00 0.000000000000000000e+00 1.000000000000043965e+00
0.000000000000000000e+00 0.000000000000000000e+00 1.000000000000043743e+00
0.000000000000000000e+00 0.000000000000000000e+00 1.000000000000043521e+00
0.000000000000000000e+00 0.000000000000000000e+00 1.000000000000043299e+00
0.000000000000000000e+00 0.000000000000000000e+00 1.000000000000043077e+00
0.000000000000000000e+00 0.000000000000000000e+00 1.000000000000042855e+00
0.000000000000000000e+00 0.000000000000000000e+00 1.000000000000042633e+00
0.000000000000000000e+00 0.000000000000000000e+00 1.000000000000042411e+00
0.000000000000000000e+00 0.000000000000000000e+00 1.000000000000042188e+00
0.000000000000000000e+00 0.000000000000000000e+00 1.000000000000041966e+00
0.000000000000000000e+00 0.000000000000000000e+00 1.000000000000041744e+00
0.000000000000000000e+00 0.000000000000000000e+00 1.000000000000041522e+00
0.000000000000000000e+00 0.000000000000000000e+00 1.000000000000041300e+00
0.000000000000000000e+00 0.000000000000000000e+00 1.000000000000041078e+00
0.000000000000000000e+00 0.000000000000000000e+00 1.000000000000040856e+00
0.000000000000000000e+00 0.000000000000000000e+00 1.000000000000040634e+00
0.000000000000000000e+00 0.000000000000000000e+00 1.000000000000040412e+00
0.000000000000000000e+00 0.000000000000000000e+00 1.000000000000040190e+00
0.000000000000000000e+00 0.000000000000000000e+00 1.000000000000039968e+00
0.000000000000000000e+00 0.000000000000000000e+00 1.000000000000039968e+00
0.000000000000000000e+00 0.000000000000000000e+00 1.000000000000039746e+00
0.000000000000000000e+00 0.000000000000000000e+00 1.000000000000039524e+00
0.000000000000000000e+00 0.000000000000000000e+00 1.000000000000039302e+00
0.000000000000000000e+00 0.000000000000000000e+00 1.000000000000039080e+00
0.000000000000000000e+00 0.000000000000000000e+00 1.000000000000038858e+00
0.000000000000000000e+00 0.000000000000000000e+00 1.000000000000038636e+00
0.000000000000000000e+00 0.000000000000000000e+00 1.000000000000038414e+00
0.000000000000000000e+00 0.000000000000000000e+00 1.000000000000038192e+00
0.000000000000000000e+00 0.000000000000000000e+00 1.000000000000037970e+00
0.000000000000000000e+00 0.000000000000000000e+00 1.000000000000037748e+00
0.000000000000000000e+00 0.000000000000000000e+00 1.000000000000037526e+00
0.000000000000000000e+00 0.000000000000000000e+00 1.000000000000037303e+00
0.000000000000000000e+00 0.000000000000000000e+00 1.000000000000037081e+00
0.000000000000000000e+00 0.000000000000000000e+00 1.000000000000036859e+00
0.000000000000000000e+00 0.000000000000000000e+00 1.000000000000036637e+00
0.000000000000000000e+00 0.000000000000000000e+00 1.000000000000036415e+00
0.000000000000000000e+00 0.000000000000000000e+00 1.000000000000036193e+00
0.000000000000000000e+00 0.000000000000000000e+00 1.000000000000035971e+00
0.000000000000000000e+00 0.000000000000000000e+00 1.000000000000035749e+00
0.000000000000000000e+00 0.000000000000000000e+00 1.000000000000035527e+00
0.000000000000000000e+00 0.000000000000000000e+00 1.000000000000035305e+00
0.000000000000000000e+00 0.000000000000000000e+00 1.000000000000035083e+00
0.000000000000000000e+00 0.000000000000000000e+00 1.000000000000034861e+00
0.000000000000000000e+00 0.000000000000000000e+00 1.000000000000034639e+00
0.000000000000000000e+00 0.000000000000000000e+00 1.000000000000034417e+00
0.000000000000000000e+00 0.000000000000000000e+00 1.000000000000034195e+00
0.000000000000000000e+00 0.000000000000000000e+00 1.000000000000033973e+00
0.000000000000000000e+00 0.000000000000000000e+00 1.000000000000033973e+00
0.000000000000000000e+00 0.000000000000000000e+00 1.000000000000033751e+00
0.000000000000000000e+00 0.000000000000000000e+00 1.000000000000033529e+00
0.000000000000000000e+00 0.000000000000000000e+00 1.000000000000033307e+00
0.000000000000000000e+00 0.000000000000000000e+00 1.000000000000033085e+00
0.000000000000000000e+00 0.000000000000000000e+00 1.000000000000032863e+00
0.000000000000000000e+00 0.000000000000000000e+00 1.000000000000032641e+00
0.000000000000000000e+00 0.000000000000000000e+00 1.000000000000032419e+00
0.000000000000000000e+00 0.000000000000000000e+00 1.000000000000032196e+00
0.000000000000000000e+00 0.000000000000000000e+00 1.000000000000031974e+00
0.000000000000000000e+00 0.000000000000000000e+00 1.000000000000031752e+00
0.000000000000000000e+00 0.000000000000000000e+00 1.000000000000031530e+00
0.000000000000000000e+00 0.000000000000000000e+00 1.000000000000031308e+00
0.000000000000000000e+00 0.000000000000000000e+00 1.000000000000031086e+00
0.000000000000000000e+00 0.000000000000000000e+00 1.000000000000030864e+00
0.000000000000000000e+00 0.000000000000000000e+00 1.000000000000030642e+00
0.000000000000000000e+00 0.000000000000000000e+00 1.000000000000030420e+00
0.000000000000000000e+00 0.000000000000000000e+00 1.000000000000030198e+00
0.000000000000000000e+00 0.000000000000000000e+00 1.000000000000029976e+00
0.000000000000000000e+00 0.000000000000000000e+00 1.000000000000029754e+00
0.000000000000000000e+00 0.000000000000000000e+00 1.000000000000029532e+00
0.000000000000000000e+00 0.000000000000000000e+00 1.000000000000029310e+00
0.000000000000000000e+00 0.000000000000000000e+00 1.000000000000029088e+00
0.000000000000000000e+00 0.000000000000000000e+00 1.000000000000028866e+00
0.000000000000000000e+00 0.000000000000000000e+00 1.000000000000028644e+00
0.000000000000000000e+00 0.000000000000000000e+00 1.000000000000028422e+00
0.000000000000000000e+00 0.000000000000000000e+00 1.000000000000028200e+00
0.000000000000000000e+00 0.000000000000000000e+00 1.000000000000028200e+00
0.000000000000000000e+00 0.000000000000000000e+00 1.000000000000027978e+00
0.000000000000000000e+00 0.000000000000000000e+00 1.000000000000027756e+00
0.000000000000000000e+00 0.000000000000000000e+00 1.000000000000027534e+00
0.000000000000000000e+00 0.000000000000000000e+00 1.000000000000027311e+00
0.000000000000000000e+00 0.000000000000000000e+00 1.000000000000027089e+00
0.000000000000000000e+00 0.000000000000000000e+00 1.000000000000026867e+00
0.000000000000000000e+00 0.000000000000000000e+00 1.000000000000026645e+00
0.000000000000000000e+00 0.000000000000000000e+00 1.000000000000026423e+00
0.000000000000000000e+00 0.000000000000000000e+00 1.000000000000026201e+00
0.000000000000000000e+00 0.000000000000000000e+00 1.000000000000025979e+00
0.000000000000000000e+00 0.000000000000000000e+00 1.000000000000025757e+00
0.000000000000000000e+00 0.000000000000000000e+00 1.000000000000025535e+00
0.000000000000000000e+00 0.000000000000000000e+00 1.000000000000025313e+00
0.000000000000000000e+00 0.000000000000000000e+00 1.000000000000025091e+00
0.000000000000000000e+00 0.000000000000000000e+00 1.000000000000024869e+00
0.000000000000000000e+00 0.000000000000000000e+00 1.000000000000024647e+00
0.000000000000000000e+00 0.000000000000000000e+00 1.000000000000024425e+00
0.000000000000000000e+00 0.000000000000000000e+00 1.000000000000024203e+00
0.000000000000000000e+00 0.000000000000000000e+00 1.000000000000023981e+00
0.000000000000000000e+00 0.000000000000000000e+00 1.000000000000023759e+00
0.000000000000000000e+00 0.000000000000000000e+00 1.000000000000023537e+00
0.000000000000000000e+00 0.000000000000000000e+00 1.000000000000023315e+00
0.000000000000000000e+00 0.000000000000000000e+00 1.000000000000023093e+00
0.000000000000000000e+00 0.000000000000000000e+00 1.000000000000022871e+00
0.000000000000000000e+00 0.000000000000000000e+00 1.000000000000022649e+00
0.000000000000000000e+00 0.000000000000000000e+00 1.000000000000022427e+00
0.000000000000000000e+00 0.000000000000000000e+00 1.000000000000022427e+00
0.000000000000000000e+00 0.000000000000000000e+00 1.000000000000022204e+00
0.000000000000000000e+00 0.000000000000000000e+00 1.000000000000021982e+00
0.000000000000000000e+00 0.000000000000000000e+00 1.000000000000021760e+00
0.000000000000000000e+00 0.000000000000000000e+00 1.000000000000021538e+00
0.000000000000000000e+00 0.000000000000000000e+00 1.000000000000021316e+00
0.000000000000000000e+00 0.000000000000000000e+00 1.000000000000021094e+00
0.000000000000000000e+00 0.000000000000000000e+00 1.000000000000020872e+00
0.000000000000000000e+00 0.000000000000000000e+00 1.000000000000020650e+00
0.000000000000000000e+00 0.000000000000000000e+00 1.000000000000020428e+00
0.000000000000000000e+00 0.000000000000000000e+00 1.000000000000020206e+00
0.000000000000000000e+00 0.000000000000000000e+00 1.000000000000019984e+00
0.000000000000000000e+00 0.000000000000000000e+00 1.000000000000019762e+00
0.000000000000000000e+00 0.000000000000000000e+00 1.000000000000019540e+00
0.000000000000000000e+00 0.000000000000000000e+00 1.000000000000019318e+00
0.000000000000000000e+00 0.000000000000000000e+00 1.000000000000019096e+00
0.000000000000000000e+00 0.000000000000000000e+00 1.000000000000018874e+00
0.000000000000000000e+00 0.000000000000000000e+00 1.000000000000018652e+00
0.000000000000000000e+00 0.000000000000000000e+00 1.000000000000018430e+00
0.000000000000000000e+00 0.000000000000000000e+00 1.000000000000018208e+00
0.000000000000000000e+00 0.000000000000000000e+00 1.000000000000017986e+00
0.000000000000000000e+00 0.000000000000000000e+00 1.000000000000017764e+00
0.000000000000000000e+00 0.000000000000000000e+00 1.000000000000017542e+00
0.000000000000000000e+00 0.000000000000000000e+00 1.000000000000017319e+00
0.000000000000000000e+00 0.000000000000000000e+00 1.000000000000017097e+00
0.000000000000000000e+00 0.000000000000000000e+00 1.000000000000016875e+00
0.000000000000000000e+00 0.000000000000000000e+00 1.000000000000016653e+00
0.000000000000000000e+00 0.000000000000000000e+00 1.000000000000016653e+00
0.000000000000000000e+00 0.000000000000000000e+00 1.000000000000016431e+00
0.000000000000000000e+00 0.000000000000000000e+00 1.000000000000016209e+00
0.000000000000000000e+00 0.000000000000000000e+00 1.000000000000015987e+00
0.000000000000000000e+00 0.000000000000000000e+00 1.000000000000015765e+00
0.000000000000000000e+00 0.000000000000000000e+00 1.000000000000015543e+00
0.000000000000000000e+00 0.000000000000000000e+00 1.000000000000015321e+00
0.000000000000000000e+00 0.000000000000000000e+00 1.000000000000015099e+00
0.000000000000000000e+00 0.000000000000000000e+00 1.000000000000014877e+00
0.000000000000000000e+00 0.000000000000000000e+00 1.000000000000014655e+00
0.000000000000000000e+00 0.000000000000000000e+00 1.000000000000014433e+00
0.000000000000000000e+00 0.000000000000000000e+00 1.000000000000014211e+00
0.000000000000000000e+00 0.000000000000000000e+00 1.000000000000013989e+00
0.000000000000000000e+00 0.000000000000000000e+00 1.000000000000013767e+00
0.000000000000000000e+00 0.000000000000000000e+00 1.000000000000013545e+00
0.000000000000000000e+00 0.000000000000000000e+00 1.000000000000013323e+00
0.000000000000000000e+00 0.000000000000000000e+00 1.000000000000013101e+00
0.000000000000000000e+00 0.000000000000000000e+00 1.000000000000012879e+00
0.000000000000000000e+00 0.000000000000000000e+00 1.000000000000012657e+00
0.000000000000000000e+00 0.000000000000000000e+00 1.000000000000012434e+00
0.000000000000000000e+00 0.000000000000000000e+00 1.000000000000012212e+00
0.000000000000000000e+00 0.000000000000000000e+00 1.000000000000011990e+00
0.000000000000000000e+00 0.000000000000000000e+00 1.000000000000011768e+00
0.000000000000000000e+00 0.000000000000000000e+00 1.000000000000011546e+00
0.000000000000000000e+00 0.000000000000000000e+00 1.000000000000011324e+00
0.000000000000000000e+00 0.000000000000000000e+00 1.000000000000011102e+00
0.000000000000000000e+00 0.000000000000000000e+00 1.000000000000010880e+00
0.000000000000000000e+00 0.000000000000000000e+00 1.000000000000010658e+00
0.000000000000000000e+00 0.000000000000000000e+00 1.000000000000010658e+00
0.000000000000000000e+00 0.000000000000000000e+00 1.000000000000010436e+00
0.000000000000000000e+00 0.000000000000000000e+00 1.000000000000010214e+00
0.000000000000000000e+00 0.000000000000000000e+00 1.000000000000009992e+00
0.000000000000000000e+00 0.000000000000000000e+00 1.000000000000009770e+00
0.000000000000000000e+00 0.000000000000000000e+00 1.000000000000009548e+00
0.000000000000000000e+00 0.000000000000000000e+00 1.000000000000009326e+00
0.000000000000000000e+00 0.000000000000000000e+00 1.000000000000009104e+00
0.000000000000000000e+00 0.000000000000000000e+00 1.000000000000008882e+00
0.000000000000000000e+00 0.000000000000000000e+00 1.000000000000008660e+00
0.000000000000000000e+00 0.000000000000000000e+00 1.000000000000008438e+00
0.000000000000000000e+00 0.000000000000000000e+00 1.000000000000008216e+00
0.000000000000000000e+00 0.000000000000000000e+00 1.000000000000007994e+00
0.000000000000000000e+00 0.000000000000000000e+00 1.000000000000007772e+00
0.000000000000000000e+00 0.000000000000000000e+00 1.000000000000007550e+00
0.000000000000000000e+00 0.000000000000000000e+00 1.000000000000007327e+00
0.000000000000000000e+00 0.000000000000000000e+00 1.000000000000007105e+00
0.000000000000000000e+00 0.000000000000000000e+00 1.000000000000006883e+00
0.000000000000000000e+00 0.000000000000000000e+00 1.000000000000006661e+00
0.000000000000000000e+00 0.000000000000000000e+00 1.000000000000006439e+00
0.000000000000000000e+00 0.000000000000000000e+00 1.000000000000006217e+00
0.000000000000000000e+00 0.000000000000000000e+00 1.000000000000005995e+00
0.000000000000000000e+00 0.000000000000000000e+00 1.000000000000005773e+00
0.000000000000000000e+00 0.000000000000000000e+00 1.000000000000005551e+00
0.000000000000000000e+00 0.000000000000000000e+00 1.000000000000005329e+00
0.000000000000000000e+00 0.000000000000000000e+00 1.000000000000005107e+00
0.000000000000000000e+00 0.000000000000000000e+00 1.000000000000004885e+00
0.000000000000000000e+00 0.000000000000000000e+00 1.000000000000004885e+00
0.000000000000000000e+00 0.000000000000000000e+00 1.000000000000004663e+00
0.000000000000000000e+00 0.000000000000000000e+00 1.000000000000004441e+00
0.000000000000000000e+00 0.000000000000000000e+00 1.000000000000004219e+00
0.000000000000000000e+00 0.000000000000000000e+00 1.000000000000003997e+00
