1.000000000000000000e+00 1.000000000000000000e+00 1.000000000000000000e+00 0.000000000000000000e+00 0.000000000000000000e+00 1.000000000000000000e+00
1.491926769147102760e+00 1.491926769138569364e+00 7.016605880036111964e-01 -4.919267690757757605e-01 -4.919267690778272306e-01 7.016605882568557329e-01
1.491955765656027610e+00 1.491955765660775146e+00 7.016499060745924332e-01 -4.919557656479407459e-01 -4.919557656463078854e-01 7.016499061708476592e-01
1.491949128139932634e+00 1.491949128142043390e+00 7.016570450440465789e-01 -4.919491281297140306e-01 -4.919491281300635288e-01 7.016570450621013588e-01
1.491948614265659945e+00 1.491948614267890605e+00 7.016575436407183064e-01 -4.919486142554293506e-01 -4.919486142570693721e-01 7.016575436465295468e-01
1.491948100391387477e+00 1.491948100393738041e+00 7.016580422373900339e-01 -4.919481003811446151e-01 -4.919481003840752154e-01 7.016580422309576237e-01
1.491947586517115010e+00 1.491947586519585256e+00 7.016585408340617613e-01 -4.919475865068599352e-01 -4.919475865110811141e-01 7.016585408153858117e-01
1.491947072642842320e+00 1.491947072645432470e+00 7.016590394307334888e-01 -4.919470726325752552e-01 -4.919470726380869574e-01 7.016590393998139996e-01
1.491946558768569853e+00 1.491946558771279685e+00 7.016595380274051053e-01 -4.919465587582905752e-01 -4.919465587650928007e-01 7.016595379842420765e-01
1.491946072710051974e+00 1.491946072712837079e+00 7.016600094946143784e-01 -4.919460726998816091e-01 -4.919460727077671347e-01 7.016600094409093380e-01
1.491945890345466985e+00 1.491945890347837311e+00 7.016601847608668896e-01 -4.919458903367259772e-01 -4.919458903434319463e-01 7.016601847151976434e-01
1.491945707980881775e+00 1.491945707982837321e+00 7.016603600271195118e-01 -4.919457079735702898e-01 -4.919457079790967025e-01 7.016603599894859489e-01
1.491945525616296786e+00 1.491945525617837554e+00 7.016605352933720230e-01 -4.919455256104146579e-01 -4.919455256147615141e-01 7.016605352637742543e-01
1.491945343251711575e+00 1.491945343252837564e+00 7.016607105596246452e-01 -4.919453432472589705e-01 -4.919453432504262702e-01 7.016607105380625597e-01
1.491945160887126365e+00 1.491945160887837796e+00 7.016608858258771564e-01 -4.919451608841033385e-01 -4.919451608860910818e-01 7.016608858123508652e-01
1.491944978522541376e+00 1.491944978522837806e+00 7.016610610921297786e-01 -4.919449785209476511e-01 -4.919449785217558380e-01 7.016610610866391706e-01
1.491944852903739127e+00 1.491944852903750229e+00 7.016611818167790560e-01 -4.919448529031316131e-01 -4.919448529031301143e-01 7.016611818168072556e-01
1.491944852625870066e+00 1.491944852625880502e+00 7.016611820691206480e-01 -4.919448526252691578e-01 -4.919448526252751530e-01 7.016611820691079915e-01
1.491944852348001005e+00 1.491944852348010997e+00 7.016611823214622401e-01 -4.919448523474067025e-01 -4.919448523474201918e-01 7.016611823214087273e-01
1.491944852070131944e+00 1.491944852070141270e+00 7.016611825738038322e-01 -4.919448520695443028e-01 -4.919448520695652305e-01 7.016611825737095742e-01
1.491944851792262883e+00 1.491944851792271765e+00 7.016611828261453132e-01 -4.919448517916818475e-01 -4.919448517917102692e-01 7.016611828260103101e-01
1.491944851514393822e+00 1.491944851514402037e+00 7.016611830784869053e-01 -4.919448515138193923e-01 -4.919448515138553080e-01 7.016611830783111570e-01
1.491944851236524761e+00 1.491944851236532532e+00 7.016611833308284973e-01 -4.919448512359569925e-01 -4.919448512360003467e-01 7.016611833306118928e-01
1.491944850958655699e+00 1.491944850958662805e+00 7.016611835831700894e-01 -4.919448509580945372e-01 -4.919448509581453854e-01 7.016611835829126287e-01
1.491944850680786638e+00 1.491944850680793300e+00 7.016611838355115705e-01 -4.919448506802320820e-01 -4.919448506802904242e-01 7.016611838352134756e-01
1.491944850402917577e+00 1.491944850402923572e+00 7.016611840878531625e-01 -4.919448504023696267e-01 -4.919448504024354629e-01 7.016611840875142114e-01
1.491944850125048516e+00 1.491944850125054067e+00 7.016611843401947546e-01 -4.919448501245072269e-01 -4.919448501245805017e-01 7.016611843398149473e-01
1.491944849847179455e+00 1.491944849847184340e+00 7.016611845925363466e-01 -4.919448498466447717e-01 -4.919448498467255404e-01 7.016611845921157942e-01
1.491944849569310394e+00 1.491944849569314835e+00 7.016611848448778277e-01 -4.919448495687823164e-01 -4.919448495688705236e-01 7.016611848444165300e-01
1.491944849291441333e+00 1.491944849291445108e+00 7.016611850972194198e-01 -4.919448492909199167e-01 -4.919448492910155624e-01 7.016611850967172659e-01
1.491944849013572272e+00 1.491944849013575602e+00 7.016611853495610118e-01 -4.919448490130574614e-01 -4.919448490131606011e-01 7.016611853490181128e-01
1.491944848735703211e+00 1.491944848735705875e+00 7.016611856019026039e-01 -4.919448487351950061e-01 -4.919448487353056398e-01 7.016611856013188486e-01
1.491944848457834150e+00 1.491944848457836370e+00 7.016611858542440849e-01 -4.919448484573325509e-01 -4.919448484574506786e-01 7.016611858536195845e-01
1.491944848179965089e+00 1.491944848179966643e+00 7.016611861065856770e-01 -4.919448481794701511e-01 -4.919448481795957173e-01 7.016611861059204314e-01
1.491944847902096027e+00 1.491944847902097138e+00 7.016611863589272691e-01 -4.919448479016076958e-01 -4.919448479017407561e-01 7.016611863582211672e-01
1.491944847624226966e+00 1.491944847624227410e+00 7.016611866112688611e-01 -4.919448476237452406e-01 -4.919448476238857948e-01 7.016611866105220141e-01
1.491944847346357905e+00 1.491944847346357905e+00 7.016611868636103422e-01 -4.919448473458828408e-01 -4.919448473460308335e-01 7.016611868628227500e-01
1.491944847068488844e+00 1.491944847068488400e+00 7.016611871159519342e-01 -4.919448470680203855e-01 -4.919448470681758723e-01 7.016611871151234858e-01
1.491944846790619783e+00 1.491944846790618673e+00 7.016611873682935263e-01 -4.919448467901579303e-01 -4.919448467903209110e-01 7.016611873674243327e-01
1.491944846512750722e+00 1.491944846512749168e+00 7.016611876206351184e-01 -4.919448465122954750e-01 -4.919448465124658942e-01 7.016611876197250686e-01
1.491944846234881661e+00 1.491944846234879440e+00 7.016611878729765994e-01 -4.919448462344330752e-01 -4.919448462346109330e-01 7.016611878720258044e-01
1.491944845957012600e+00 1.491944845957009935e+00 7.016611881253181915e-01 -4.919448459565706200e-01 -4.919448459567559717e-01 7.016611881243266513e-01
1.491944845679143539e+00 1.491944845679140208e+00 7.016611883776597836e-01 -4.919448456787081647e-01 -4.919448456789010105e-01 7.016611883766273872e-01
1.491944845401274478e+00 1.491944845401270703e+00 7.016611886300013756e-01 -4.919448454008457650e-01 -4.919448454010460492e-01 7.016611886289281230e-01
1.491944845123405416e+00 1.491944845123400976e+00 7.016611888823428567e-01 -4.919448451229833097e-01 -4.919448451231910879e-01 7.016611888812289699e-01
1.491944844845536355e+00 1.491944844845531470e+00 7.016611891346844487e-01 -4.919448448451208544e-01 -4.919448448453361267e-01 7.016611891335297058e-01
1.491944844567667294e+00 1.491944844567661743e+00 7.016611893870260408e-01 -4.919448445672583992e-01 -4.919448445674811654e-01 7.016611893858304416e-01
1.491944844289798233e+00 1.491944844289792238e+00 7.016611896393676329e-01 -4.919448442893959994e-01 -4.919448442896262041e-01 7.016611896381312885e-01
1.491944844011929172e+00 1.491944844011922511e+00 7.016611898917091139e-01 -4.919448440115335441e-01 -4.919448440117712429e-01 7.016611898904320244e-01
1.491944843734060111e+00 1.491944843734053006e+00 7.016611901440507060e-01 -4.919448437336710889e-01 -4.919448437339162816e-01 7.016611901427328712e-01
1.491944843456191050e+00 1.491944843456183278e+00 7.016611903963922980e-01 -4.919448434558086891e-01 -4.919448434560613204e-01 7.016611903950336071e-01
1.491944843178321989e+00 1.491944843178313773e+00 7.016611906487338901e-01 -4.919448431779462338e-01 -4.919448431782063036e-01 7.016611906473343430e-01
1.491944842900452928e+00 1.491944842900444046e+00 7.016611909010753712e-01 -4.919448429000837786e-01 -4.919448429003513423e-01 7.016611908996351898e-01
1.491944842622583867e+00 1.491944842622574541e+00 7.016611911534169632e-01 -4.919448426222213233e-01 -4.919448426224963811e-01 7.016611911519359257e-01
1.491944842344714806e+00 1.491944842344704814e+00 7.016611914057585553e-01 -4.919448423443589236e-01 -4.919448423446414198e-01 7.016611914042366616e-01
1.491944842066845744e+00 1.491944842066835308e+00 7.016611916581001474e-01 -4.919448420664964683e-01 -4.919448420667864585e-01 7.016611916565375084e-01
1.491944841788976683e+00 1.491944841788965581e+00 7.016611919104416284e-01 -4.919448417886340130e-01 -4.919448417889314973e-01 7.016611919088382443e-01
1.491944841511107622e+00 1.491944841511096076e+00 7.016611921627832205e-01 -4.919448415107716133e-01 -4.919448415110765360e-01 7.016611921611389802e-01
1.491944841233238561e+00 1.491944841233226349e+00 7.016611924151248125e-01 -4.919448412329091580e-01 -4.919448412332215748e-01 7.016611924134398270e-01
1.491944840955369500e+00 1.491944840955356844e+00 7.016611926674664046e-01 -4.919448409550467027e-01 -4.919448409553666135e-01 7.016611926657405629e-01
1.491944840677500439e+00 1.491944840677487116e+00 7.016611929198078856e-01 -4.919448406771842475e-01 -4.919448406775116522e-01 7.016611929180412988e-01
1.491944840399631378e+00 1.491944840399617611e+00 7.016611931721494777e-01 -4.919448403993218477e-01 -4.919448403996566910e-01 7.016611931703421456e-01
1.491944840121762317e+00 1.491944840121747884e+00 7.016611934244910698e-01 -4.919448401214593924e-01 -4.919448401218016742e-01 7.016611934226428815e-01
1.491944839843893256e+00 1.491944839843878379e+00 7.016611936768326618e-01 -4.919448398435969372e-01 -4.919448398439467129e-01 7.016611936749437284e-01
1.491944839566024195e+00 1.491944839566008651e+00 7.016611939291741429e-01 -4.919448395657345374e-01 -4.919448395660917517e-01 7.016611939272444642e-01
1.491944839288155134e+00 1.491944839288139146e+00 7.016611941815157349e-01 -4.919448392878720822e-01 -4.919448392882367904e-01 7.016611941795452001e-01
1.491944839010286072e+00 1.491944839010269419e+00 7.016611944338573270e-01 -4.919448390100096269e-01 -4.919448390103818292e-01 7.016611944318460470e-01
1.491944838732417011e+00 1.491944838732399914e+00 7.016611946861989191e-01 -4.919448387321471716e-01 -4.919448387325268679e-01 7.016611946841467828e-01
1.491944838454547950e+00 1.491944838454530187e+00 7.016611949385404001e-01 -4.919448384542847719e-01 -4.919448384546719066e-01 7.016611949364475187e-01
1.491944838176678889e+00 1.491944838176660681e+00 7.016611951908819922e-01 -4.919448381764223166e-01 -4.919448381768169454e-01 7.016611951887483656e-01
1.491944837898809828e+00 1.491944837898790954e+00 7.016611954432235843e-01 -4.919448378985598613e-01 -4.919448378989619841e-01 7.016611954410491014e-01
1.491944837620940767e+00 1.491944837620921449e+00 7.016611956955651763e-01 -4.919448376206974616e-01 -4.919448376211070229e-01 7.016611956933498373e-01
1.491944837343071706e+00 1.491944837343051722e+00 7.016611959479066574e-01 -4.919448373428350063e-01 -4.919448373432520616e-01 7.016611959456506842e-01
1.491944837065202645e+00 1.491944837065182217e+00 7.016611962002482494e-01 -4.919448370649725510e-01 -4.919448370653971003e-01 7.016611961979514200e-01
1.491944836787333584e+00 1.491944836787312489e+00 7.016611964525898415e-01 -4.919448367871100958e-01 -4.919448367875420836e-01 7.016611964502521559e-01
1.491944836509464523e+00 1.491944836509442984e+00 7.016611967049314336e-01 -4.919448365092476960e-01 -4.919448365096871223e-01 7.016611967025530028e-01
1.491944836231595461e+00 1.491944836231573257e+00 7.016611969572729146e-01 -4.919448362313852408e-01 -4.919448362318321610e-01 7.016611969548537386e-01
1.491944835953726400e+00 1.491944835953703752e+00 7.016611972096145067e-01 -4.919448359535227855e-01 -4.919448359539771998e-01 7.016611972071545855e-01
1.491944835675857339e+00 1.491944835675834025e+00 7.016611974619560987e-01 -4.919448356756603857e-01 -4.919448356761222385e-01 7.016611974594553214e-01
1.491944835397988278e+00 1.491944835397964519e+00 7.016611977142976908e-01 -4.919448353977979305e-01 -4.919448353982672772e-01 7.016611977117560572e-01
1.491944835120119217e+00 1.491944835120094792e+00 7.016611979666391719e-01 -4.919448351199354752e-01 -4.919448351204123160e-01 7.016611979640569041e-01
1.491944834842250156e+00 1.491944834842225287e+00 7.016611982189807639e-01 -4.919448348420730199e-01 -4.919448348425573547e-01 7.016611982163576400e-01
1.491944834564381095e+00 1.491944834564355560e+00 7.016611984713223560e-01 -4.919448345642106202e-01 -4.919448345647023935e-01 7.016611984686583758e-01
1.491944834286512034e+00 1.491944834286486055e+00 7.016611987236639481e-01 -4.919448342863481649e-01 -4.919448342868474322e-01 7.016611987209592227e-01
1.491944834154645072e+00 1.491944834154619315e+00 7.016611988444487746e-01 -4.919448341544854775e-01 -4.919448341549834125e-01 7.016611988417510437e-01
1.491944834124660169e+00 1.491944834124634855e+00 7.016611988734320349e-01 -4.919448341245029610e-01 -4.919448341249935130e-01 7.016611988707744940e-01
1.491944834094675265e+00 1.491944834094650174e+00 7.016611989024152951e-01 -4.919448340945204445e-01 -4.919448340950035581e-01 7.016611988997978333e-01
1.491944834064690362e+00 1.491944834064665715e+00 7.016611989313985553e-01 -4.919448340645379281e-01 -4.919448340650136586e-01 7.016611989288212836e-01
1.491944834034705458e+00 1.491944834034681255e+00 7.016611989603818156e-01 -4.919448340345554116e-01 -4.919448340350237037e-01 7.016611989578446229e-01
1.491944834004720555e+00 1.491944834004696796e+00 7.016611989893650758e-01 -4.919448340045728951e-01 -4.919448340050338042e-01 7.016611989868680732e-01
1.491944833974735651e+00 1.491944833974712337e+00 7.016611990183483361e-01 -4.919448339745903787e-01 -4.919448339750438493e-01 7.016611990158914125e-01
1.491944833944750970e+00 1.491944833944727877e+00 7.016611990473315963e-01 -4.919448339446078067e-01 -4.919448339450539498e-01 7.016611990449148628e-01
1.491944833914766066e+00 1.491944833914743196e+00 7.016611990763148565e-01 -4.919448339146252902e-01 -4.919448339150639948e-01 7.016611990739383131e-01
1.491944833884781163e+00 1.491944833884758737e+00 7.016611991052981168e-01 -4.919448338846427737e-01 -4.919448338850740954e-01 7.016611991029616524e-01
1.491944833854796260e+00 1.491944833854774277e+00 7.016611991342813770e-01 -4.919448338546602573e-01 -4.919448338550841959e-01 7.016611991319851027e-01
1.491944833824811356e+00 1.491944833824789818e+00 7.016611991632646372e-01 -4.919448338246777408e-01 -4.919448338250942410e-01 7.016611991610084420e-01
1.491944833794826453e+00 1.491944833794805358e+00 7.016611991922478975e-01 -4.919448337946952243e-01 -4.919448337951043415e-01 7.016611991900318923e-01
1.491944833764841549e+00 1.491944833764820899e+00 7.016611992212311577e-01 -4.919448337647127079e-01 -4.919448337651143865e-01 7.016611992190552316e-01
1.491944833734856646e+00 1.491944833734836440e+00 7.016611992502144179e-01 -4.919448337347301914e-01 -4.919448337351244871e-01 7.016611992480786819e-01
1.491944833704871742e+00 1.491944833704851758e+00 7.016611992791976782e-01 -4.919448337047476749e-01 -4.919448337051345321e-01 7.016611992771021322e-01
1.491944833674887061e+00 1.491944833674867299e+00 7.016611993081809384e-01 -4.919448336747651584e-01 -4.919448336751446327e-01 7.016611993061254715e-01
