5.000000000000000000e-01 5.000000000000000000e-01 1.000000000000000000e+00 5.100000000000000089e-01 5.100000000000000089e-01 1.000000000000000000e+00 5.200000000000000178e-01 5.200000000000000178e-01 1.000000000000000000e+00 5.300000000000000266e-01 5.300000000000000266e-01 1.000000000000000000e+00
-2.718685664351723208e-01 -2.718685664351702114e-01 8.776850013508938897e-01 1.105895150331193566e+00 1.105895150331193344e+00 1.347158260498950488e+00 -2.667793723084224689e-01 -2.667793723084229685e-01 8.760727312475183881e-01 1.151762404180377120e+00 1.151762404180376675e+00 9.328486740026030732e-01
-4.390566054786273487e-01 -4.390566054786258499e-01 7.358940847670896179e-01 9.691231236161845786e-01 9.691231236161845786e-01 9.634071926420514353e-01 -4.360515375116614245e-01 -4.360515375116618131e-01 7.385142133495313788e-01 9.724892444271467928e-01 9.724892444271462377e-01 9.627934663849180286e-01
-5.082879190924398660e-01 -5.082879190924398660e-01 7.006765021382211911e-01 8.932673209495666233e-01 8.932673209495668454e-01 9.520841336526710830e-01 -5.096247738419407147e-01 -5.096247738419407147e-01 7.007060605933338460e-01 8.918496725137878833e-01 8.918496725137869952e-01 9.517225404561082680e-01
-5.106577535487250019e-01 -5.106577535487251129e-01 7.009112854961513372e-01 8.907728729737532936e-01 8.907728729737531825e-01 9.513704200112211851e-01 -5.122123727350447187e-01 -5.122123727350447187e-01 7.010284208821397911e-01 8.891336499146057504e-01 8.891336499146038630e-01 9.509312121662266692e-01
-5.107257436554931695e-01 -5.107257436554931695e-01 7.009200338435294109e-01 8.907015518350164252e-01 8.907015518350155370e-01 9.513495560753213454e-01 -5.122866184451898564e-01 -5.122866184451899674e-01 7.010400740182215484e-01 8.890560170025260112e-01 8.890560170025211262e-01 9.509080479607845415e-01
-5.107277015535836018e-01 -5.107277015535836018e-01 7.009202874061968291e-01 8.906994984772340640e-01 8.906994984772307333e-01 9.513489550034729403e-01 -5.122887566539738868e-01 -5.122887566539737758e-01 7.010404115153758831e-01 8.890537818514854251e-01 8.890537818514718804e-01 9.509073805774617139e-01
-5.107277599562004555e-01 -5.107277599562003445e-01 7.009202949718144060e-01 8.906994372194732001e-01 8.906994372194642073e-01 9.513489370719917515e-01 -5.122888204302443738e-01 -5.122888204302440407e-01 7.010404215860164268e-01 8.890537151733516330e-01 8.890537151733159948e-01 9.509073606683278168e-01
-5.107277622602334199e-01 -5.107277622602330869e-01 7.009202952702862088e-01 8.906994348028317576e-01 8.906994348027650332e-01 9.513489363645782904e-01 -5.122888229462727594e-01 -5.122888229462707610e-01 7.010404219833133999e-01 8.890537125429617271e-01 8.890537125426878351e-01 9.509073598828946539e-01
-5.107277622568635600e-01 -5.107277622568586750e-01 7.009202952698494471e-01 8.906994348066884504e-01 8.906994348059823485e-01 9.513489363656136844e-01 -5.122888229426008078e-01 -5.122888229425779372e-01 7.010404219827319761e-01 8.890537125481602354e-01 8.890537125451896117e-01 9.509073598840441788e-01
