0.000000000000000000e+00 0.000000000000000000e+00 1.000000000000000000e+00 1.000000000000000000e+00 1.000000000000000000e+00 1.000000000000000000e+00 2.000000000000000000e+00 2.000000000000000000e+00 1.000000000000000000e+00 3.000000000000000000e+00 3.000000000000000000e+00 1.000000000000000000e+00
-2.781065089711670657e-01 -2.781065089711667881e-01 8.799745335347631814e-01 9.439616679060967019e-01 9.439616679060950366e-01 9.625374395956610707e-01 2.056038332093907073e+00 2.056038332093906185e+00 9.625374395956608486e-01 3.278106508971168509e+00 3.278106508971168509e+00 8.799745335347619601e-01
-5.050176506639081353e-01 -5.050176506639080243e-01 7.006699965062884727e-01 7.988486301122827982e-01 7.988486301122791344e-01 9.187875629466194516e-01 2.201151369887723419e+00 2.201151369887721199e+00 9.187875629466177863e-01 3.505017650663908579e+00 3.505017650663908579e+00 7.006699965062883617e-01
-5.136671255757829790e-01 -5.136671255757829790e-01 7.014800032374717276e-01 6.753565153791563080e-01 6.753565153791469822e-01 8.339191449028120484e-01 2.324643484620857681e+00 2.324643484620854128e+00 8.339191449028059422e-01 3.513667125575783423e+00 3.513667125575783423e+00 7.014800032374717276e-01
-5.205778932556369698e-01 -5.205778932556368588e-01 7.035399841743520399e-01 5.806478837235485857e-01 5.806478837235444779e-01 7.435110633476267328e-01 2.419352116276460407e+00 2.419352116276459075e+00 7.435110633476209596e-01 3.520577893255636415e+00 3.520577893255636415e+00 7.035399841743521510e-01
-5.220876124546264263e-01 -5.220876124546265373e-01 7.041996237197488684e-01 5.664625246014572957e-01 5.664625246014571847e-01 7.294289876770391201e-01 2.433537475398543481e+00 2.433537475398543037e+00 7.294289876770393422e-01 3.522087612454626981e+00 3.522087612454626981e+00 7.041996237197490904e-01
-5.221429928580682001e-01 -5.221429928580683111e-01 7.042257271771255045e-01 5.660530048275553838e-01 5.660530048275554948e-01 7.290294289532145422e-01 2.433946995172444616e+00 2.433946995172444172e+00 7.290294289532152083e-01 3.522142992858067423e+00 3.522142992858067423e+00 7.042257271771255045e-01
-5.221443417633570006e-01 -5.221443417633571116e-01 7.042263660562024796e-01 5.660432520864668859e-01 5.660432520864668859e-01 7.290199202967247993e-01 2.433956747913531782e+00 2.433956747913531782e+00 7.290199202967220238e-01 3.522144341763356667e+00 3.522144341763356667e+00 7.042263660562019245e-01
-5.221443738478062091e-01 -5.221443738478062091e-01 7.042263812531366352e-01 5.660430203585700148e-01 5.660430203585701259e-01 7.290196943239535265e-01 2.433956979641430429e+00 2.433956979641430873e+00 7.290196943239550809e-01 3.522144373847806431e+00 3.522144373847806431e+00 7.042263812531365241e-01
-5.221443743283682437e-01 -5.221443743283681327e-01 7.042263814811364764e-01 5.660430168834955644e-01 5.660430168834955644e-01 7.290196909445266771e-01 2.433956983116504436e+00 2.433956983116504436e+00 7.290196909445267881e-01 3.522144374328368244e+00 3.522144374328368244e+00 7.042263814811363654e-01
